   51002    29.2   106.0   0.262
   51003    29.1   106.4   0.223
   51004    29.1   106.8   0.421
   51008    28.9   105.7   0.292
   51009    28.9   106.1   0.343
   51012    28.6   105.7   0.536
   51014    28.6   106.4   1.200
   51016    28.6   107.0   0.561
   51018    28.2   105.2   0.467
   51019    28.3   105.5   0.349
   51020    28.3   105.8   1.115
   51024    28.1   104.8   0.506
   51025    28.0   105.3   0.717
   51026    28.0   105.8   0.652
   51027    28.0   106.1   1.123
   51030    27.8   105.6   1.258
   51031    27.7   106.0   0.904
   51032    27.7   106.3   0.888
   51033    27.7   106.6   1.081
   51034    27.7   107.0   0.894
   51036    27.4   106.1   1.584
   51037    27.4   106.4   1.016
   51038    27.4   107.0   0.827
   51045    27.1   106.9   1.331
   51056    27.8   101.9   1.396
   53029    26.5    99.9   2.236
   53030    26.4   100.2   2.092
   53033    25.6    99.4   1.705
   53034    25.8   100.5   1.542
   53040    25.4   100.5   1.690
   53044    25.1   100.5   1.402
   53149    25.3   101.5   1.784
   51010    28.9   106.6   0.608
   51011    28.6   105.2   0.341
   51015    28.7   106.7   0.562
   51017    28.4   104.9   0.360
   51021    28.3   106.2   1.212
   51035    27.4   105.6   1.575
   51043    27.0   105.9   1.429
   51044    27.1   106.3   1.197
   51001    29.2   105.5   0.286
   51006    28.8   104.8   0.342
   51007    28.8   105.2   0.315
   51013    28.6   106.1   0.426
   51022    28.3   106.6   1.375
   51023    28.2   107.0   1.359
   51028    28.0   106.6   1.033
   51039    27.1   103.9   2.261
   51040    27.1   104.5   2.066
   51041    27.1   104.9   1.712
   51042    27.0   105.4   1.951
   51050    28.6   101.9   1.531
   51005    29.1   107.1   0.655
   51054    27.8   100.7   2.640
   51055    28.2   100.8   2.509
   51057    27.8   101.5   2.878
   51058    27.1   101.5   1.736
   51059    27.2   101.9   1.212
   53035    25.9   100.9   1.986
   53036    25.8    99.8   2.205
   53045    25.6   100.9   1.944
   53059    26.3   100.6   1.454
   53151    25.0   100.8   1.433
   53152    24.8   101.2   1.961
   53154    24.4   101.6   1.658
   51051    28.2   101.6   1.951
   53031    26.1   100.3   1.581
   53032    26.2    99.4   2.132
   53037    25.5    99.7   1.782
   53041    25.0   100.2   2.085
   53042    25.5   100.0   1.448
   53043    25.2   100.3   1.898
   53046    25.6   100.5   2.138
   53047    25.3   100.9   2.165
   53048    25.9   100.1   2.051
   53061    25.5    98.5   1.858
   53062    25.2    98.3   1.845
   53064    24.7    98.5   1.227
   53066    25.2    98.8   0.846
   53072    24.9    99.6   1.752
   53073    25.0    99.8   1.894
   53075    24.5    99.6   1.121
   53144    26.4   101.2   1.138
   53145    26.0   101.1   1.980
   53147    25.5   101.9   1.925
   53153    24.7   101.6   1.964
   53039    25.3    99.8   1.829
   53069    24.6    99.0   0.754
   53148    25.8   102.1   2.258
   53150    25.2   102.1   1.575
    4506    24.4   105.9   0.351
   53038    25.3    99.4   1.448
   53060    26.4   101.0   1.334
   53068    24.7    98.8   1.851
   53074    24.5    99.3   0.731
    4514    23.7   106.4   0.499
   53001    29.0    98.6   2.669
   53003    28.7    98.7   2.257
   53004    28.5    98.9   3.311
   53056    27.0   101.0   2.800
   53058    26.5   100.5   1.800
   53070    24.3    99.0   0.796
   53071    25.0    99.5   1.459
   53086    24.1    98.6   1.072
   53126    22.5   101.5   0.932
   53223    26.4   103.3   2.297
    4502    24.9   105.1   0.860
    4508    24.2   106.2   0.485
    4509    24.9   106.7   1.193
    4511    24.6   106.5   1.012
    4512    24.0   106.5   0.447
    4513    24.0   107.0   0.233
    4515    23.7   106.8   0.357
    4516    23.4   107.0   0.249
    4523    22.5   106.6   0.168
    4524    22.5   107.0   0.175
   53002    29.0    99.0   2.928
   53006    28.2    99.3   2.155
   53007    28.6    99.7   2.450
   53008    28.0    99.5   2.736
   53009    28.2    99.7   2.981
   53049    27.3    99.6   1.912
   53050    26.8    99.9   1.887
   53051    27.4   100.4   2.171
   53052    27.2   100.4   1.882
   53053    27.8   100.6   2.697
   53055    27.3   100.8   2.288
   53077    25.1    97.9   1.745
   53078    24.7    98.0   0.896
   53081    24.5    98.0   1.098
   53084    23.9    97.7   0.758
    4503    24.6   105.6   1.160
    4504    24.4   105.4   0.514
    4505    24.5   105.2   0.941
   51052    28.4    99.3   2.089
   53057    26.8   100.5   2.602
   53085    24.3    98.3   1.223
    4518    23.3   106.6   0.654
    4525    24.9   107.0   0.980
   51046    28.8    99.3   2.515
   51047    28.7    99.9   3.191
   51048    29.0   100.3   3.760
   51049    28.6   100.4   2.961
   51053    28.5   100.9   2.676
   51060    29.0    99.4   3.146
   52029    26.7   105.7   1.564
   52030    26.7   106.1   1.456
   52035    26.4   106.6   1.158
   52040    25.9   106.6   0.965
   52045    25.3   106.6   0.639
   52038    25.9   105.6   1.053
   52033    26.2   105.1   1.324
   52037    25.9   105.0   1.633
   52026    26.8   104.1   2.496
   52027    26.8   104.5   2.352
   52028    26.8   105.0   1.835
   52032    26.3   104.7   1.217
   52036    25.9   104.5   1.933
   52031    26.7   106.6   1.268
   52034    26.3   105.6   1.360
   52039    25.9   106.1   1.127
   52041    25.5   105.0   1.565
   52042    25.6   105.6   1.225
   52043    25.6   106.2   0.871
   52046    25.3   106.1   0.865
   52047    25.2   105.7   1.049
   52048    25.2   105.1   1.401
   52049    24.9   105.5   1.066
   52050    24.8   105.9   0.699
   53065    25.5    99.2   1.833
   53076    24.8    99.2   1.517
   53155    26.2   102.6   2.659
   53063    24.9    98.7   1.348
   53067    25.5    98.9   0.834
   53080    24.7    98.2   1.102
   53017    28.0    98.6   1.835
   53079    24.6    97.7   1.340
   53082    24.4    97.7   1.518
   53083    24.2    97.8   0.956
   53146    26.1   101.7   1.542
   53019    27.4    98.8   1.404
   53020    27.0    98.9   1.314
   53021    26.7    98.9   1.160
   53027    26.4    98.9   1.016
   53012    27.2   100.0   2.249
    4501    24.7   104.9   0.955
   53010    27.8   100.2   2.110
   53011    27.5   100.1   2.316
   53014    27.4    99.1   1.715
   53090    24.3    99.9   1.712
   53093    24.2    99.6   1.325
   53095    24.0    99.7   0.815
    4507    24.6   106.1   0.639
    4510    24.3   106.7   0.773
    4517    23.3   105.9   0.901
    4519    23.4   106.3   0.881
    4520    23.2   106.2   0.877
    4521    23.0   106.6   0.664
    4522    23.1   107.0   0.590
   53015    27.1    99.2   1.718
   53023    26.7    99.2   2.009
   53096    23.7    99.6   1.478
   53013    27.7    99.1   1.909
   53026    26.5    99.1   1.601
   53028    26.2    99.1   1.491
   53094    23.9    99.0   0.856
   53097    23.5    99.4   1.141
   53016    27.6    99.4   2.037
   53022    26.9    99.4   2.110
   53024    26.7    99.6   2.507
   53099    23.5    99.8   1.130
   53100    23.4   100.0   1.885
   53101    23.3    99.1   1.114
   53088    24.7    99.9   1.826
   53089    24.7   100.2   2.006
   53098    23.6    98.9   1.332
   53087    24.9   100.1   2.497
   53091    24.6   100.5   1.051
   53092    24.2   100.4   1.990
   53172    24.3   103.6   2.039
   53173    24.1   103.4   1.303
   53238    27.9   105.0   1.198
   53236    27.4   104.1   1.860
   53102    24.6   100.7   1.367
   53103    24.5   100.8   1.381
   53105    24.2   100.8   1.464
   53106    24.0   101.1   1.286
   53107    23.7   101.0   1.538
   53115    23.6   101.3   1.474
   53234    28.3   104.1   0.609
   53235    27.6   104.0   0.862
   53237    27.9   104.5   0.595
   53239    27.5   104.5   2.031
   53240    27.4   104.9   1.667
   53112    23.0   101.1   1.362
   53114    23.3   101.4   1.421
   53116    23.0   101.6   1.797
   53171    24.5   103.8   1.761
   53174    24.0   103.1   1.164
   53177    23.2   103.6   1.523
   53178    23.4   103.5   1.918
   53189    22.8   104.0   1.459
   53195    23.8   103.6   1.483
   53198    23.6   103.9   1.421
   53199    23.2   104.0   1.757
   53201    23.0   104.4   1.317
   53202    23.4   105.0   1.476
   53204    22.9   104.7   1.064
   53210    23.4   104.7   1.517
   53229    27.6   103.5   2.352
   53232    27.8   103.5   1.702
   53118    22.6   100.6   0.756
   53123    22.6   100.3   1.204
   53131    22.1   100.9   0.781
   53138    21.9   101.2   0.672
   53205    23.3   105.4   1.467
   53233    27.6   103.3   1.553
   53109    23.3   100.8   1.420
   53230    28.2   103.6   0.653
   53231    28.0   103.5   1.250
   53108    23.6   100.3   0.960
   53110    23.1   100.6   1.315
   53111    23.2   100.2   1.754
   53119    22.8   100.6   1.526
   53136    21.6   100.4   1.182
   53170    24.0   101.6   0.784
   53132    21.7   100.7   0.621
   53137    22.2   101.5   0.870
   53139    21.7   101.2   0.686
   53140    21.7   101.4   0.644
   53141    21.7   101.6   0.751
   53142    21.3   101.3   0.643
   53143    21.2   101.7   0.889
   53156    25.9   102.5   2.130
   53167    24.4   102.4   2.006
   53169    24.0   102.0   2.144
   53184    23.2   102.8   1.117
   53185    22.9   102.8   0.541
   53188    23.0   103.7   1.621
   53190    22.5   104.0   0.106
   53200    24.1   104.8   1.460
   53217    25.2   104.1   1.928
   53218    25.5   103.8   2.355
   53219    25.8   103.9   2.011
   53220    25.6   104.3   2.107
   53221    25.3   104.7   1.325
   53227    27.0   103.3   1.638
   53228    27.2   103.2   1.092
   53120    23.1    99.9   1.828
   53121    22.9    99.8   1.441
   53122    22.8   100.2   1.406
   53124    22.3   100.0   1.231
   53129    22.2    99.2   0.686
   53130    22.5   101.1   0.902
   53133    22.3   100.5   1.032
   53134    21.9   100.4   1.210
   53135    21.7   100.0   0.646
   53166    24.4   103.0   1.710
   53168    24.2   102.4   1.546
   53179    23.3   102.0   1.549
   53180    23.4   102.3   0.996
   53181    23.0   102.0   1.562
   53182    23.0   102.4   1.701
   53183    22.8   102.2   0.795
   53191    24.3   104.0   1.328
   53192    24.3   104.4   1.513
   53193    24.1   103.8   2.111
   53194    24.1   104.4   1.396
   53196    23.8   104.2   1.516
   53206    23.8   106.0   0.414
   53207    24.3   105.1   0.881
   53208    24.0   105.1   1.449
   53209    23.8   105.2   1.264
   53211    24.8   104.0   1.960
   53212    24.5   104.1   1.621
   53216    24.9   103.5   1.880
   53222    26.3   104.4   2.134
   53224    26.1   103.6   1.724
   53225    26.5   103.9   2.035
   53165    24.6   103.0   1.937
   53197    23.8   104.6   1.500
   53213    24.7   104.4   1.140
   53215    25.0   104.6   1.595
   53125    22.6   101.9   1.137
   53127    22.5   102.2   0.667
   53128    22.6    99.6   1.445
   53175    23.9   102.4   1.201
   53214    25.4   104.4   1.760
   53104    24.0   100.4   0.890
   51029    27.9   107.1   0.873
   53158    25.4   102.7   1.864
   53159    25.2   102.5   1.708
   53187    23.1   103.2   0.342
   53117    23.4   101.7   1.429
   53054    27.0   100.8   2.204
   53161    24.9   103.1   1.559
   53162    25.1   103.4   1.869
   53164    24.7   103.4   1.924
   53005    28.1    98.9   2.091
   53203    24.0   105.6   0.699
   53160    25.0   102.3   1.839
   53163    24.8   102.6   1.940
   53157    25.9   102.8   2.009
   53226    25.5   103.2   2.036
  51051A    28.3   101.6   1.967
   53025    26.5    99.4   2.441
   53176    23.7   103.2   1.122
   53186    22.6   103.2   0.311
   53113    22.8   101.5   1.187
   52044    25.6   106.7   0.939
  53201A    23.0   104.4   1.481
